{
 "cells": [
  {
   "cell_type": "code",
   "execution_count": 29,
   "metadata": {
    "collapsed": false
   },
   "outputs": [],
   "source": [
    "import pandas as pd\n",
    "from sklearn.metrics import roc_auc_score\n",
    "from sklearn.metrics import mean_squared_error\n",
    "from sklearn.model_selection import KFold\n",
    "from sklearn.linear_model import LinearRegression\n",
    "from sklearn.ensemble import RandomForestRegressor\n",
    "from sklearn.tree import DecisionTreeRegressor\n",
    "import numpy as np\n",
    "import matplotlib.pyplot as plt\n",
    "import seaborn as sns\n",
    "\n",
    "%matplotlib inline"
   ]
  },
  {
   "cell_type": "code",
   "execution_count": 30,
   "metadata": {
    "collapsed": false
   },
   "outputs": [
    {
     "name": "stdout",
     "output_type": "stream",
     "text": [
      "   instant      dteday  season  yr  mnth  hr  holiday  weekday  workingday  \\\n",
      "0        1  2011-01-01       1   0     1   0        0        6           0   \n",
      "1        2  2011-01-01       1   0     1   1        0        6           0   \n",
      "2        3  2011-01-01       1   0     1   2        0        6           0   \n",
      "\n",
      "   weathersit  temp   atemp   hum  windspeed  casual  registered  cnt  \n",
      "0           1  0.24  0.2879  0.81        0.0       3          13   16  \n",
      "1           1  0.22  0.2727  0.80        0.0       8          32   40  \n",
      "2           1  0.22  0.2727  0.80        0.0       5          27   32  \n"
     ]
    },
    {
     "data": {
      "text/plain": [
       "<matplotlib.axes._subplots.AxesSubplot at 0x7ff7cda96940>"
      ]
     },
     "execution_count": 30,
     "metadata": {},
     "output_type": "execute_result"
    },
    {
     "data": {
      "image/png": "iVBORw0KGgoAAAANSUhEUgAAAYoAAAEDCAYAAAArwUMAAAAABHNCSVQICAgIfAhkiAAAAAlwSFlz\nAAALEgAACxIB0t1+/AAAHHRJREFUeJzt3W9QnOX97/H3ysbRJGuU7GZhoMUG6jQ1WT3VKSdqVwVk\nXQgJa8zMmc5UG2gST//EaBIrsULSnE3P1NGhfdDpwnSaSdtpO4Y/1ZEMHaBJYBwzVTtZS8zvV3pM\nIRZuF1YJYIQQ7vMgk11j7A3RhV3l83ri7MV9eX2v7yR+vP/sjc00TRMREZH/4KpkFyAiIqlNQSEi\nIpYUFCIiYklBISIilhQUIiJiSUEhIiKWpg2Kt956i/LycgKBAOXl5dx2220cOHCA4eFhKioq8Pl8\nVFZWMjIyEpsTCoUoLi7G7/fT1dUVG+/u7qasrAyfz0cwGJydHYmISELZruR7FFNTU3i9Xp5//nl+\n+9vfcv3117Np0ybq6uo4c+YMO3bsoKenhx07dnDw4EEGBgbYuHEjf/7zn7HZbGzYsIGnn34aj8fD\npk2beOihh/jGN74xm/sTEZFP6YouPb388st88YtfJDMzk/b2dgKBAACBQIC2tjYAOjo6KCkpwW63\nk52dTU5ODuFwmEgkwtjYGB6PB4Dy8vLYHBERSV1XFBQtLS2sWbMGgKGhIZxOJwAul4toNAqAYRhk\nZmbG5rjdbgzDwDAMMjIyLhsXEZHUNuOgOHfuHB0dHdx///0A2Gy2S37+0c8iIvL5YJ/pgUePHuXm\nm28mPT0dgKVLlzI4OIjT6SQSicTG3W43/f39sXkDAwO43e7Lxg3DwO12T7vu/975f7l20XUz3lCi\nXWufJPijrUlbX0Qk2WYcFC+99FLsshNAQUEBjY2NbN68maamJgoLC2PjO3bs4Nvf/jaGYdDb24vH\n48Fms+FwOAiHw6xatYrm5ma+9a1vTbvufw8uZOFU1ifYWmJcM3aSSGRk+gPngMvlSJlakk29iFMv\n4tSLOJfLkbB/14yC4uzZs7z88sv8+Mc/jo1t2rSJbdu20dDQQFZWFrW1tQDk5eXh9/spLS3FbrdT\nU1MTuyxVXV1NVVUV4+PjeL1evF5vwjYiIiKz44oej02Gwo0/Z2F6TtLWv2bsJL/Y+92krf9h+r+l\nOPUiTr2IUy/iEnlGoW9mi4iIJQWFiIhYUlCIiIglBYWIiFhSUIiIiCUFhYiIWFJQiIiIJQWFiIhY\nUlCIiIglBYWIiFhSUIiIiCUFhYiIWFJQiIiIJQWFiIhYUlCIiIglBYWIiFhSUIiIiCUFhYiIWFJQ\niIiIJQWFiIhYUlCIiIglBYWIiFhSUIiIiKUZBcXIyAhbt27F7/dTWlrK8ePHGR4epqKiAp/PR2Vl\nJSMjI7HjQ6EQxcXF+P1+urq6YuPd3d2UlZXh8/kIBoOJ342IiCTcjIIiGAxy9913c+jQIf70pz+x\nfPly6urqWL16Na2treTn5xMKhQDo6enh0KFDtLS0UF9fz549ezBNE4Ddu3cTDAZpbW3l1KlTdHZ2\nzt7OREQkIaYNitHRUV599VXWr18PgN1ux+Fw0N7eTiAQACAQCNDW1gZAR0cHJSUl2O12srOzycnJ\nIRwOE4lEGBsbw+PxAFBeXh6bIyIiqcs+3QGnT5/mhhtuoKqqipMnT7Jy5Up27drF0NAQTqcTAJfL\nRTQaBcAwDG699dbYfLfbjWEYpKWlkZGRcdm4iIiktmmDYnJykhMnTlBdXc2qVavYt28fdXV12Gy2\nS4776OfPiwUL0nC5HMkuIyaVakk29SJOvYhTLxJv2qDIyMggIyODVatWAVBcXEx9fT1Lly5lcHAQ\np9NJJBIhPT0duHCm0N/fH5s/MDCA2+2+bNwwDNxud6L3k3Dnzp0nEhmZ/sA54HI5UqaWZFMv4tSL\nOPUiLpGBOe09CqfTSWZmJm+99RYAr7zyCnl5eRQUFNDY2AhAU1MThYWFABQUFNDS0sLExAR9fX30\n9vbi8XhwuVw4HA7C4TCmadLc3BybIyIiqWvaMwqAH/3oR+zYsYPJyUm+8IUv8JOf/ITz58+zbds2\nGhoayMrKora2FoC8vLzYY7R2u52amprYZanq6mqqqqoYHx/H6/Xi9Xpnb2ciIpIQNvPis6spqnDj\nz1mYnpO09a8ZO8kv9n43aet/mE6r49SLOPUiTr2Im9NLTyIiMr8pKERExJKCQkRELCkoRETEkoJC\nREQsKShERMSSgkJERCwpKERExJKCQkRELCkoRETEkoJCREQsKShERMSSgkJERCwpKERExJKCQkRE\nLCkoRETEkoJCREQsKShERMSSgkJERCwpKERExJKCQkRELCkoRETEkoJCREQs2WdyUEFBAYsXL+aq\nq67Cbrdz8OBBhoeHeeyxx3j77bfJzs6mtrYWh8MBQCgUoqGhgbS0NJ566inuuusuALq7u3nyySeZ\nmJjA6/Xy1FNPzd7OREQkIWZ0RmGz2fjNb35Dc3MzBw8eBKCuro7Vq1fT2tpKfn4+oVAIgJ6eHg4d\nOkRLSwv19fXs2bMH0zQB2L17N8FgkNbWVk6dOkVnZ+csbUtERBJlRkFhmiZTU1OXjLW3txMIBAAI\nBAK0tbUB0NHRQUlJCXa7nezsbHJycgiHw0QiEcbGxvB4PACUl5fH5oiISOqa8RlFRUUF69ev5/nn\nnwdgaGgIp9MJgMvlIhqNAmAYBpmZmbG5brcbwzAwDIOMjIzLxkVEJLXN6B7F73//e5YtW0Y0GqWi\nooIvfelL2Gy2S4756OfPiwUL0nC5HMkuIyaVakk29SJOvYhTLxJvRkGxbNkyANLT0ykqKiIcDrN0\n6VIGBwdxOp1EIhHS09OBC2cK/f39sbkDAwO43e7Lxg3DwO12J3Ivs+LcufNEIiPJLgO48BcgVWpJ\nNvUiTr2IUy/iEhmY0156Onv2LGNjYwC8//77dHV1cdNNN1FQUEBjYyMATU1NFBYWAheekGppaWFi\nYoK+vj56e3vxeDy4XC4cDgfhcBjTNGlubo7NERGR1DXtGcXg4CDf//73sdlsnD9/nrKyMu666y5W\nrlzJtm3baGhoICsri9raWgDy8vLw+/2UlpZit9upqamJXZaqrq6mqqqK8fFxvF4vXq93dncnIiKf\nms28+Oxqiirc+HMWpuckbf1rxk7yi73fTdr6H6bT6jj1Ik69iFMv4ub00pOIiMxvCgoREbGkoBAR\nEUsKChERsaSgEBERSwoKERGxpKAQERFLCgoREbGkoBAREUsKChERsaSgEBERSwoKERGxpKAQERFL\nCgoREbGkoBAREUsKChERsaSgEBERSwoKERGxpKAQERFLCgoREbGkoBAREUsKChERsaSgEBERSzMO\niqmpKQKBAI888ggAw8PDVFRU4PP5qKysZGRkJHZsKBSiuLgYv99PV1dXbLy7u5uysjJ8Ph/BYDCB\n2xARkdky46A4cOAAubm5sc91dXWsXr2a1tZW8vPzCYVCAPT09HDo0CFaWlqor69nz549mKYJwO7d\nuwkGg7S2tnLq1Ck6OzsTvB0REUm0GQXFwMAAR44cYcOGDbGx9vZ2AoEAAIFAgLa2NgA6OjooKSnB\nbreTnZ1NTk4O4XCYSCTC2NgYHo8HgPLy8tgcERFJXTMKin379vHEE09gs9liY0NDQzidTgBcLhfR\naBQAwzDIzMyMHed2uzEMA8MwyMjIuGxcRERSm326Aw4fPozT6WTFihUcO3bsPx734RD5PFmwIA2X\ny5HsMmJSqZZkUy/i1Is49SLxpg2K119/nY6ODo4cOcL4+DhjY2Ps3LkTp9PJ4OAgTqeTSCRCeno6\ncOFMob+/PzZ/YGAAt9t92bhhGLjd7lnYUmKdO3eeSGRk+gPngMvlSJlakk29iFMv4tSLuEQG5rSX\nnh5//HEOHz5Me3s7zz33HPn5+TzzzDPce++9NDY2AtDU1ERhYSEABQUFtLS0MDExQV9fH729vXg8\nHlwuFw6Hg3A4jGmaNDc3x+aIiEjqmvaM4j/ZvHkz27Zto6GhgaysLGprawHIy8vD7/dTWlqK3W6n\npqYmdlmqurqaqqoqxsfH8Xq9eL3exOxCRERmjc28+Oxqiirc+HMWpuckbf1rxk7yi73fTdr6H6bT\n6jj1Ik69iFMv4ub00pOIiMxvCgoREbGkoBAREUsKChERsfSJn3qaL8ypKf75z38ktYYbb1xOWlpa\nUmsQkflLQTGN0TNDPPrMCyxcsiwp678//A4/27mW3NwvJ2V9EREFxQwsXLKMxTdkJbsMEZGk0D0K\nERGxpKAQERFLCgoREbGkoBAREUsKChERsaSgEBERSwoKERGxpKAQERFLCgoREbGkoBAREUsKChER\nsaSgEBERSwoKERGxpKAQERFLCgoREbGkoBAREUvTBsXExAQbNmygvLyc0tJSnnvuOQCGh4epqKjA\n5/NRWVnJyMhIbE4oFKK4uBi/309XV1dsvLu7m7KyMnw+H8FgcBa2IyIiiTZtUFx99dUcOHCA5uZm\nXnjhBV555RVee+016urqWL16Na2treTn5xMKhQDo6enh0KFDtLS0UF9fz549ezBNE4Ddu3cTDAZp\nbW3l1KlTdHZ2zu7uRETkU5vRpadrr70WuHB2MTU1xZIlS2hvbycQCAAQCARoa2sDoKOjg5KSEux2\nO9nZ2eTk5BAOh4lEIoyNjeHxeAAoLy+PzRERkdQ1o6CYmpqivLycO++8k69//evk5eUxNDSE0+kE\nwOVyEY1GATAMg8zMzNhct9uNYRgYhkFGRsZl4yIiktrsMznoqquuorm5mdHRUSorKzl27Bg2m+2S\nYz76+fPCbk9jPMk1pKcvxuVyAMT+KerFh6kXcepF4s0oKC5avHgxXq+Xv//97yxdupTBwUGcTieR\nSIT09HTgwplCf39/bM7AwABut/uyccMwcLvdCdrG7JmcPA9XJ7eGaHSUSGQEl8tBJDIy/YR5QL2I\nUy/i1Iu4RAbmtJeeotFo7ImmDz74gJdffpmvfvWrFBQU0NjYCEBTUxOFhYUAFBQU0NLSwsTEBH19\nffT29uLxeHC5XDgcDsLhMKZp0tzcHJsjIiKpa9ozikgkwpNPPolpmkxNTbFu3TpWr17NihUr2LZt\nGw0NDWRlZVFbWwtAXl4efr+f0tJS7HY7NTU1sctS1dXVVFVVMT4+jtfrxev1zu7uRETkU7OZF59d\nTVGFG3/OwvScpK1/7u1OxhcuZ/ENWUlZf/Tdt/nJ5v9Jbu6XdVr9IepFnHoRp17EzemlJxERmd8U\nFCIiYklBISIilhQUIiJiSUEhIiKWrugLdzL3zKkpenv/BcC77y4mGh1NSh033rictLS0pKwtIsml\noEhxZ0ciPPvHQRYu6Z/+4Fny/vA7/GznWnJzv5y0GkQkeRQUnwELlyxL2vc4RER0j0JERCwpKERE\nxJKCQkRELCkoRETEkoJCREQsKShERMSSgkJERCwpKERExJKCQkRELCkoRETEkoJCREQsKShERMSS\ngkJERCwpKERExJKCQkRELE0bFAMDAzz00EOUlpZSVlbGgQMHABgeHqaiogKfz0dlZSUjIyOxOaFQ\niOLiYvx+P11dXbHx7u5uysrK8Pl8BIPBWdiOiIgk2rRBkZaWRlVVFS+99BJ/+MMf+N3vfsc///lP\n6urqWL16Na2treTn5xMKhQDo6enh0KFDtLS0UF9fz549ezBNE4Ddu3cTDAZpbW3l1KlTdHZ2zu7u\nRETkU5s2KFwuFytWrABg0aJF5ObmYhgG7e3tBAIBAAKBAG1tbQB0dHRQUlKC3W4nOzubnJwcwuEw\nkUiEsbExPB4PAOXl5bE5IiKSuq7oHsXp06c5efIkt9xyC0NDQzidTuBCmESjUQAMwyAzMzM2x+12\nYxgGhmGQkZFx2biIiKS2Gf/O7LGxMbZu3cquXbtYtGgRNpvtkp9/9PPnhd2exniyi0gB6emLcbkc\nyS7jEqlWTzKpF3HqReLNKCgmJyfZunUr69ato6ioCIClS5cyODiI0+kkEomQnp4OXDhT6O/vj80d\nGBjA7XZfNm4YBm63O5F7mRWTk+fh6mRXkXzR6CiRyMj0B84Rl8uRUvUkk3oRp17EJTIwZ3Tpadeu\nXeTl5fHwww/HxgoKCmhsbASgqamJwsLC2HhLSwsTExP09fXR29uLx+PB5XLhcDgIh8OYpklzc3Ns\njoiIpK5pzyhee+01XnzxRW666SbKy8ux2Ww89thjbNq0iW3bttHQ0EBWVha1tbUA5OXl4ff7KS0t\nxW63U1NTE7ssVV1dTVVVFePj43i9Xrxe7+zuTkREPrVpg+K2227jzTff/Nif7d+//2PHt2zZwpYt\nWy4bX7lyJS+++OKVVSgiIkmlb2aLiIglBYWIiFhSUIiIiCUFhYiIWFJQiIiIpRl/M1vmL3Nqit7e\nfyW7DG68cTlpaWnJLkNk3lFQyLTOjkR49o+DLFzSP/3Bs+T94Xf42c615OZ+OWk1iMxXCgqZkYVL\nlrH4hqxklyEiSaB7FCIiYklBISIilhQUIiJiSUEhIiKWFBQiImJJQSEiIpYUFCIiYklBISIilhQU\nIiJiSUEhIiKWFBQiImJJQSEiIpYUFCIiYklBISIilhQUIiJiadqg2LVrF3fccQdlZWWxseHhYSoq\nKvD5fFRWVjIyMhL7WSgUori4GL/fT1dXV2y8u7ubsrIyfD4fwWAwwdsQEZHZMm1QPPDAA/zqV7+6\nZKyuro7Vq1fT2tpKfn4+oVAIgJ6eHg4dOkRLSwv19fXs2bMH0zQB2L17N8FgkNbWVk6dOkVnZ+cs\nbEdERBJt2qC4/fbbue666y4Za29vJxAIABAIBGhrawOgo6ODkpIS7HY72dnZ5OTkEA6HiUQijI2N\n4fF4ACgvL4/NERGR1PaJfhVqNBrF6XQC4HK5iEajABiGwa233ho7zu12YxgGaWlpZGRkXDYuMlPm\n1BS9vf+KfX733cVEo6NzWsONNy4nLS1tTtcUSQUJ+Z3ZNpstEf+alGS3pzGe7CKEsyMRnv3jIAuX\n9Cdl/feH3+E3P/kmN910U1LWn47L5Uh2CSlDvUi8TxQUS5cuZXBwEKfTSSQSIT09HbhwptDfH/+L\nPDAwgNvtvmzcMAzcbvenLH1uTE6eh6uTXYUALFyyjMU3ZCVt/Wh0lEhkZPoD55jL5UjJupJBvYhL\nZGDO6PHYizekLyooKKCxsRGApqYmCgsLY+MtLS1MTEzQ19dHb28vHo8Hl8uFw+EgHA5jmibNzc2x\nOSIiktqmPaPYvn07x44d47333uOee+7hBz/4AZs3b+bRRx+loaGBrKwsamtrAcjLy8Pv91NaWord\nbqempiZ2Waq6upqqqirGx8fxer14vd7Z3ZmIiCTEtEHx7LPPfuz4/v37P3Z8y5YtbNmy5bLxlStX\n8uKLL15ZdSIiknT6ZraIiFhSUIiIiCUFhYiIWFJQiIiIJQWFiIhYSsg3s0U+7z76CpFk0WtEJBkU\nFCIzkOxXiMCF14j8bOdacnO/nLQaZH5SUIjMULJfISKSLLpHISIilhQUIiJiSUEhIiKWFBQiImJJ\nQSEiIpYUFCIiYkmPx4p8RvynL/3N9e8P15f+5h8FhchnhL70J8mioBD5DNGX/iQZdI9CREQsKShE\nRMSSgkJERCzpHoWIzFgqvG5dT13NPQWFiMxYsp+8GntvgB3/63/wxS/mfOzP5+pR4fkWVnMeFEeP\nHmXfvn2Ypsn69evZvHnzXJcgIp9CMp+8en/Y4Nk/HtcjwnNsToNiamqKvXv3sn//fpYtW8aDDz5I\nYWEhubm5c1mGiHyG6RHhuTenN7PD4TA5OTlkZWWxYMECSktLaW9vn8sSRETkCs3pGYVhGGRmZsY+\nu91u3njjjbksQUTkU0mFG/owt/dJUv5mtm30/zFlnkna+ufPDvH+ucVJW//sSBSwJW191ZAa66uG\n1FgfIPrv/+L/1J/gmsXpSavhg9EodXu/M2f3SeY0KNxuN//+979jnw3DYNmyZZZz2p6vne2yRETE\nwpzeo1i1ahW9vb28/fbbTExM8NJLL1FYWDiXJYiIyBWa0zOKtLQ0nn76aSoqKjBNkwcffFBPPImI\npDibaZpmsosQEZHUpXc9iYiIJQWFiIhYUlCIiIillA2Ko0ePcv/99+Pz+airq0t2ObNuYGCAhx56\niNLSUsrKyjhw4AAAw8PDVFRU4PP5qKysZGRkJDYnFApRXFyM3++nq6srWaXPiqmpKQKBAI888ggw\nf/sAMDIywtatW/H7/ZSWlnL8+PF5249QKBT7O7J9+3YmJibmTS927drFHXfcQVlZWWzsk+y9u7ub\nsrIyfD4fwWBwZoubKej8+fNmUVGRefr0aXNiYsJcu3at2dPTk+yyZtU777xjnjhxwjRN0xwdHTWL\ni4vNnp4e86c//alZV1dnmqZphkIh85lnnjFN0zT/8Y9/mOvWrTPPnTtn9vX1mUVFRebU1FTS6k+0\nX//61+b27dvNLVu2mKZpzts+mKZp/vCHPzQPHjxomqZpnjt3zjxz5sy87Mfp06fNgoICc3x83DRN\n03z00UfNxsbGedOLv/71r+aJEyfMNWvWxMY+yd4ffPBB8/jx46ZpmuZ3vvMd8+jRo9OunZJnFPPx\nnVAul4sVK1YAsGjRInJzczEMg/b2dgKBAACBQIC2tjYAOjo6KCkpwW63k52dTU5ODuFwOGn1J9LA\nwABHjhxhw4YNsbH52AeA0dFRXn31VdavXw+A3W7H4XDMy34sXryYBQsWcPbsWSYnJ/nggw9wu93z\nphe3334711133SVjV7r3SCTC2NgYHo8HgPLy8tgcKykZFB/3Tqh33nkniRXNrdOnT3Py5EluueUW\nhoaGcDqdwIUwiUajwMf3yDCMpNSbaPv27eOJJ57AZou/qmE+9gEu/Fm44YYbqKqqIhAI8PTTT3P2\n7Nl52Y8lS5ZQUVHBPffcg9frxeFwcMcdd8zLXlwUjUavaO+GYZCRkXHZ+HRSMijms7GxMbZu3cqu\nXbtYtGjRJf+xBC77/Hlz+PBhnE4nK1aswLT4is/nvQ8XTU5OcuLECb75zW/S1NTEtddeS11d3bz7\ncwHQ19fH/v37+ctf/kJnZydnz57lhRdemJe9+E9ma+8pGRSf5J1QnweTk5Ns3bqVdevWUVRUBMDS\npUsZHBwEIBKJkJ5+4UVkbreb/v74L28ZGBjA7XbPfdEJ9vrrr9PR0UFhYSHbt2/n2LFj7Ny5E6fT\nOa/6cFFGRgYZGRmsWrUKgOLiYk6cODHv/lwAvPHGG3zta1/j+uuvJy0tjaKiIv72t7/Ny15cdKV7\n/+i4YRgz6klKBsV8fSfUrl27yMvL4+GHH46NFRQU0NjYCEBTU1OsDwUFBbS0tDAxMUFfXx+9vb2x\n646fZY8//jiHDx+mvb2d5557jvz8fJ555hnuvffeedWHi5xOJ5mZmbz11lsAvPLKK+Tl5c27PxcA\ny5cv5/jx44yPj2Oa5rzsxUfPsq907y6XC4fDQTgcxjRNmpubZ/bf1kTelU+kI0eOmMXFxeZ9991n\nhkKhZJcz61599VXzK1/5irl27Vpz3bp1Znl5uXnkyBHz3XffNR9++GGzuLjY3Lhxozk8PByb88tf\n/tIsKioy77//frOzszOJ1c+OY8eOxZ56ms99ePPNN80HHnjAXLt2rfm9733PPHPmzLztR319vVlS\nUmKuWbPGfOKJJ8yJiYl504vHH3/cvPPOO82bb77ZvPvuu82DBw+a77333hXv/Y033jDXrFlj3nff\nfebevXtntLbe9SQiIpZS8tKTiIikDgWFiIhYUlCIiIglBYWIiFhSUIiIiCUFhYiIWFJQiIiIJQWF\niIhY+v84mFS7wIl3FwAAAABJRU5ErkJggg==\n",
      "text/plain": [
       "<matplotlib.figure.Figure at 0x7ff7cda9d1d0>"
      ]
     },
     "metadata": {},
     "output_type": "display_data"
    }
   ],
   "source": [
    "data = pd.read_csv(\"bike_rental_hour.csv\")\n",
    "print(data.head(3))\n",
    "\n",
    "data['cnt'].hist()"
   ]
  },
  {
   "cell_type": "code",
   "execution_count": 31,
   "metadata": {
    "collapsed": false
   },
   "outputs": [
    {
     "data": {
      "text/html": [
       "<div>\n",
       "<style scoped>\n",
       "    .dataframe tbody tr th:only-of-type {\n",
       "        vertical-align: middle;\n",
       "    }\n",
       "\n",
       "    .dataframe tbody tr th {\n",
       "        vertical-align: top;\n",
       "    }\n",
       "\n",
       "    .dataframe thead th {\n",
       "        text-align: right;\n",
       "    }\n",
       "</style>\n",
       "<table border=\"1\" class=\"dataframe\">\n",
       "  <thead>\n",
       "    <tr style=\"text-align: right;\">\n",
       "      <th></th>\n",
       "      <th>instant</th>\n",
       "      <th>season</th>\n",
       "      <th>yr</th>\n",
       "      <th>mnth</th>\n",
       "      <th>hr</th>\n",
       "      <th>holiday</th>\n",
       "      <th>weekday</th>\n",
       "      <th>workingday</th>\n",
       "      <th>weathersit</th>\n",
       "      <th>temp</th>\n",
       "      <th>atemp</th>\n",
       "      <th>hum</th>\n",
       "      <th>windspeed</th>\n",
       "      <th>casual</th>\n",
       "      <th>registered</th>\n",
       "      <th>cnt</th>\n",
       "    </tr>\n",
       "  </thead>\n",
       "  <tbody>\n",
       "    <tr>\n",
       "      <th>instant</th>\n",
       "      <td>1.000000</td>\n",
       "      <td>0.404046</td>\n",
       "      <td>0.866014</td>\n",
       "      <td>0.489164</td>\n",
       "      <td>0.004775</td>\n",
       "      <td>0.014723</td>\n",
       "      <td>0.001357</td>\n",
       "      <td>0.003416</td>\n",
       "      <td>0.014198</td>\n",
       "      <td>0.136178</td>\n",
       "      <td>0.137615</td>\n",
       "      <td>0.009577</td>\n",
       "      <td>0.074505</td>\n",
       "      <td>0.158295</td>\n",
       "      <td>0.282046</td>\n",
       "      <td>0.278379</td>\n",
       "    </tr>\n",
       "    <tr>\n",
       "      <th>season</th>\n",
       "      <td>0.404046</td>\n",
       "      <td>1.000000</td>\n",
       "      <td>0.010742</td>\n",
       "      <td>0.830386</td>\n",
       "      <td>0.006117</td>\n",
       "      <td>0.009585</td>\n",
       "      <td>0.002335</td>\n",
       "      <td>0.013743</td>\n",
       "      <td>0.014524</td>\n",
       "      <td>0.312025</td>\n",
       "      <td>0.319380</td>\n",
       "      <td>0.150625</td>\n",
       "      <td>0.149773</td>\n",
       "      <td>0.120206</td>\n",
       "      <td>0.174226</td>\n",
       "      <td>0.178056</td>\n",
       "    </tr>\n",
       "    <tr>\n",
       "      <th>yr</th>\n",
       "      <td>0.866014</td>\n",
       "      <td>0.010742</td>\n",
       "      <td>1.000000</td>\n",
       "      <td>0.010473</td>\n",
       "      <td>0.003867</td>\n",
       "      <td>0.006692</td>\n",
       "      <td>0.004485</td>\n",
       "      <td>0.002196</td>\n",
       "      <td>0.019157</td>\n",
       "      <td>0.040913</td>\n",
       "      <td>0.039222</td>\n",
       "      <td>0.083546</td>\n",
       "      <td>0.008740</td>\n",
       "      <td>0.142779</td>\n",
       "      <td>0.253684</td>\n",
       "      <td>0.250495</td>\n",
       "    </tr>\n",
       "    <tr>\n",
       "      <th>mnth</th>\n",
       "      <td>0.489164</td>\n",
       "      <td>0.830386</td>\n",
       "      <td>0.010473</td>\n",
       "      <td>1.000000</td>\n",
       "      <td>0.005772</td>\n",
       "      <td>0.018430</td>\n",
       "      <td>0.010400</td>\n",
       "      <td>0.003477</td>\n",
       "      <td>0.005400</td>\n",
       "      <td>0.201691</td>\n",
       "      <td>0.208096</td>\n",
       "      <td>0.164411</td>\n",
       "      <td>0.135386</td>\n",
       "      <td>0.068457</td>\n",
       "      <td>0.122273</td>\n",
       "      <td>0.120638</td>\n",
       "    </tr>\n",
       "    <tr>\n",
       "      <th>hr</th>\n",
       "      <td>0.004775</td>\n",
       "      <td>0.006117</td>\n",
       "      <td>0.003867</td>\n",
       "      <td>0.005772</td>\n",
       "      <td>1.000000</td>\n",
       "      <td>0.000479</td>\n",
       "      <td>0.003498</td>\n",
       "      <td>0.002285</td>\n",
       "      <td>0.020203</td>\n",
       "      <td>0.137603</td>\n",
       "      <td>0.133750</td>\n",
       "      <td>0.276498</td>\n",
       "      <td>0.137252</td>\n",
       "      <td>0.301202</td>\n",
       "      <td>0.374141</td>\n",
       "      <td>0.394071</td>\n",
       "    </tr>\n",
       "    <tr>\n",
       "      <th>holiday</th>\n",
       "      <td>0.014723</td>\n",
       "      <td>0.009585</td>\n",
       "      <td>0.006692</td>\n",
       "      <td>0.018430</td>\n",
       "      <td>0.000479</td>\n",
       "      <td>1.000000</td>\n",
       "      <td>0.102088</td>\n",
       "      <td>0.252471</td>\n",
       "      <td>0.017036</td>\n",
       "      <td>0.027340</td>\n",
       "      <td>0.030973</td>\n",
       "      <td>0.010588</td>\n",
       "      <td>0.003988</td>\n",
       "      <td>0.031564</td>\n",
       "      <td>0.047345</td>\n",
       "      <td>0.030927</td>\n",
       "    </tr>\n",
       "    <tr>\n",
       "      <th>weekday</th>\n",
       "      <td>0.001357</td>\n",
       "      <td>0.002335</td>\n",
       "      <td>0.004485</td>\n",
       "      <td>0.010400</td>\n",
       "      <td>0.003498</td>\n",
       "      <td>0.102088</td>\n",
       "      <td>1.000000</td>\n",
       "      <td>0.035955</td>\n",
       "      <td>0.003311</td>\n",
       "      <td>0.001795</td>\n",
       "      <td>0.008821</td>\n",
       "      <td>0.037158</td>\n",
       "      <td>0.011502</td>\n",
       "      <td>0.032721</td>\n",
       "      <td>0.021578</td>\n",
       "      <td>0.026900</td>\n",
       "    </tr>\n",
       "    <tr>\n",
       "      <th>workingday</th>\n",
       "      <td>0.003416</td>\n",
       "      <td>0.013743</td>\n",
       "      <td>0.002196</td>\n",
       "      <td>0.003477</td>\n",
       "      <td>0.002285</td>\n",
       "      <td>0.252471</td>\n",
       "      <td>0.035955</td>\n",
       "      <td>1.000000</td>\n",
       "      <td>0.044672</td>\n",
       "      <td>0.055390</td>\n",
       "      <td>0.054667</td>\n",
       "      <td>0.015688</td>\n",
       "      <td>0.011830</td>\n",
       "      <td>0.300942</td>\n",
       "      <td>0.134326</td>\n",
       "      <td>0.030284</td>\n",
       "    </tr>\n",
       "    <tr>\n",
       "      <th>weathersit</th>\n",
       "      <td>0.014198</td>\n",
       "      <td>0.014524</td>\n",
       "      <td>0.019157</td>\n",
       "      <td>0.005400</td>\n",
       "      <td>0.020203</td>\n",
       "      <td>0.017036</td>\n",
       "      <td>0.003311</td>\n",
       "      <td>0.044672</td>\n",
       "      <td>1.000000</td>\n",
       "      <td>0.102640</td>\n",
       "      <td>0.105563</td>\n",
       "      <td>0.418130</td>\n",
       "      <td>0.026226</td>\n",
       "      <td>0.152628</td>\n",
       "      <td>0.120966</td>\n",
       "      <td>0.142426</td>\n",
       "    </tr>\n",
       "    <tr>\n",
       "      <th>temp</th>\n",
       "      <td>0.136178</td>\n",
       "      <td>0.312025</td>\n",
       "      <td>0.040913</td>\n",
       "      <td>0.201691</td>\n",
       "      <td>0.137603</td>\n",
       "      <td>0.027340</td>\n",
       "      <td>0.001795</td>\n",
       "      <td>0.055390</td>\n",
       "      <td>0.102640</td>\n",
       "      <td>1.000000</td>\n",
       "      <td>0.987672</td>\n",
       "      <td>0.069881</td>\n",
       "      <td>0.023125</td>\n",
       "      <td>0.459616</td>\n",
       "      <td>0.335361</td>\n",
       "      <td>0.404772</td>\n",
       "    </tr>\n",
       "    <tr>\n",
       "      <th>atemp</th>\n",
       "      <td>0.137615</td>\n",
       "      <td>0.319380</td>\n",
       "      <td>0.039222</td>\n",
       "      <td>0.208096</td>\n",
       "      <td>0.133750</td>\n",
       "      <td>0.030973</td>\n",
       "      <td>0.008821</td>\n",
       "      <td>0.054667</td>\n",
       "      <td>0.105563</td>\n",
       "      <td>0.987672</td>\n",
       "      <td>1.000000</td>\n",
       "      <td>0.051918</td>\n",
       "      <td>0.062336</td>\n",
       "      <td>0.454080</td>\n",
       "      <td>0.332559</td>\n",
       "      <td>0.400929</td>\n",
       "    </tr>\n",
       "    <tr>\n",
       "      <th>hum</th>\n",
       "      <td>0.009577</td>\n",
       "      <td>0.150625</td>\n",
       "      <td>0.083546</td>\n",
       "      <td>0.164411</td>\n",
       "      <td>0.276498</td>\n",
       "      <td>0.010588</td>\n",
       "      <td>0.037158</td>\n",
       "      <td>0.015688</td>\n",
       "      <td>0.418130</td>\n",
       "      <td>0.069881</td>\n",
       "      <td>0.051918</td>\n",
       "      <td>1.000000</td>\n",
       "      <td>0.290105</td>\n",
       "      <td>0.347028</td>\n",
       "      <td>0.273933</td>\n",
       "      <td>0.322911</td>\n",
       "    </tr>\n",
       "    <tr>\n",
       "      <th>windspeed</th>\n",
       "      <td>0.074505</td>\n",
       "      <td>0.149773</td>\n",
       "      <td>0.008740</td>\n",
       "      <td>0.135386</td>\n",
       "      <td>0.137252</td>\n",
       "      <td>0.003988</td>\n",
       "      <td>0.011502</td>\n",
       "      <td>0.011830</td>\n",
       "      <td>0.026226</td>\n",
       "      <td>0.023125</td>\n",
       "      <td>0.062336</td>\n",
       "      <td>0.290105</td>\n",
       "      <td>1.000000</td>\n",
       "      <td>0.090287</td>\n",
       "      <td>0.082321</td>\n",
       "      <td>0.093234</td>\n",
       "    </tr>\n",
       "    <tr>\n",
       "      <th>casual</th>\n",
       "      <td>0.158295</td>\n",
       "      <td>0.120206</td>\n",
       "      <td>0.142779</td>\n",
       "      <td>0.068457</td>\n",
       "      <td>0.301202</td>\n",
       "      <td>0.031564</td>\n",
       "      <td>0.032721</td>\n",
       "      <td>0.300942</td>\n",
       "      <td>0.152628</td>\n",
       "      <td>0.459616</td>\n",
       "      <td>0.454080</td>\n",
       "      <td>0.347028</td>\n",
       "      <td>0.090287</td>\n",
       "      <td>1.000000</td>\n",
       "      <td>0.506618</td>\n",
       "      <td>0.694564</td>\n",
       "    </tr>\n",
       "    <tr>\n",
       "      <th>registered</th>\n",
       "      <td>0.282046</td>\n",
       "      <td>0.174226</td>\n",
       "      <td>0.253684</td>\n",
       "      <td>0.122273</td>\n",
       "      <td>0.374141</td>\n",
       "      <td>0.047345</td>\n",
       "      <td>0.021578</td>\n",
       "      <td>0.134326</td>\n",
       "      <td>0.120966</td>\n",
       "      <td>0.335361</td>\n",
       "      <td>0.332559</td>\n",
       "      <td>0.273933</td>\n",
       "      <td>0.082321</td>\n",
       "      <td>0.506618</td>\n",
       "      <td>1.000000</td>\n",
       "      <td>0.972151</td>\n",
       "    </tr>\n",
       "    <tr>\n",
       "      <th>cnt</th>\n",
       "      <td>0.278379</td>\n",
       "      <td>0.178056</td>\n",
       "      <td>0.250495</td>\n",
       "      <td>0.120638</td>\n",
       "      <td>0.394071</td>\n",
       "      <td>0.030927</td>\n",
       "      <td>0.026900</td>\n",
       "      <td>0.030284</td>\n",
       "      <td>0.142426</td>\n",
       "      <td>0.404772</td>\n",
       "      <td>0.400929</td>\n",
       "      <td>0.322911</td>\n",
       "      <td>0.093234</td>\n",
       "      <td>0.694564</td>\n",
       "      <td>0.972151</td>\n",
       "      <td>1.000000</td>\n",
       "    </tr>\n",
       "  </tbody>\n",
       "</table>\n",
       "</div>"
      ],
      "text/plain": [
       "             instant    season        yr      mnth        hr   holiday  \\\n",
       "instant     1.000000  0.404046  0.866014  0.489164  0.004775  0.014723   \n",
       "season      0.404046  1.000000  0.010742  0.830386  0.006117  0.009585   \n",
       "yr          0.866014  0.010742  1.000000  0.010473  0.003867  0.006692   \n",
       "mnth        0.489164  0.830386  0.010473  1.000000  0.005772  0.018430   \n",
       "hr          0.004775  0.006117  0.003867  0.005772  1.000000  0.000479   \n",
       "holiday     0.014723  0.009585  0.006692  0.018430  0.000479  1.000000   \n",
       "weekday     0.001357  0.002335  0.004485  0.010400  0.003498  0.102088   \n",
       "workingday  0.003416  0.013743  0.002196  0.003477  0.002285  0.252471   \n",
       "weathersit  0.014198  0.014524  0.019157  0.005400  0.020203  0.017036   \n",
       "temp        0.136178  0.312025  0.040913  0.201691  0.137603  0.027340   \n",
       "atemp       0.137615  0.319380  0.039222  0.208096  0.133750  0.030973   \n",
       "hum         0.009577  0.150625  0.083546  0.164411  0.276498  0.010588   \n",
       "windspeed   0.074505  0.149773  0.008740  0.135386  0.137252  0.003988   \n",
       "casual      0.158295  0.120206  0.142779  0.068457  0.301202  0.031564   \n",
       "registered  0.282046  0.174226  0.253684  0.122273  0.374141  0.047345   \n",
       "cnt         0.278379  0.178056  0.250495  0.120638  0.394071  0.030927   \n",
       "\n",
       "             weekday  workingday  weathersit      temp     atemp       hum  \\\n",
       "instant     0.001357    0.003416    0.014198  0.136178  0.137615  0.009577   \n",
       "season      0.002335    0.013743    0.014524  0.312025  0.319380  0.150625   \n",
       "yr          0.004485    0.002196    0.019157  0.040913  0.039222  0.083546   \n",
       "mnth        0.010400    0.003477    0.005400  0.201691  0.208096  0.164411   \n",
       "hr          0.003498    0.002285    0.020203  0.137603  0.133750  0.276498   \n",
       "holiday     0.102088    0.252471    0.017036  0.027340  0.030973  0.010588   \n",
       "weekday     1.000000    0.035955    0.003311  0.001795  0.008821  0.037158   \n",
       "workingday  0.035955    1.000000    0.044672  0.055390  0.054667  0.015688   \n",
       "weathersit  0.003311    0.044672    1.000000  0.102640  0.105563  0.418130   \n",
       "temp        0.001795    0.055390    0.102640  1.000000  0.987672  0.069881   \n",
       "atemp       0.008821    0.054667    0.105563  0.987672  1.000000  0.051918   \n",
       "hum         0.037158    0.015688    0.418130  0.069881  0.051918  1.000000   \n",
       "windspeed   0.011502    0.011830    0.026226  0.023125  0.062336  0.290105   \n",
       "casual      0.032721    0.300942    0.152628  0.459616  0.454080  0.347028   \n",
       "registered  0.021578    0.134326    0.120966  0.335361  0.332559  0.273933   \n",
       "cnt         0.026900    0.030284    0.142426  0.404772  0.400929  0.322911   \n",
       "\n",
       "            windspeed    casual  registered       cnt  \n",
       "instant      0.074505  0.158295    0.282046  0.278379  \n",
       "season       0.149773  0.120206    0.174226  0.178056  \n",
       "yr           0.008740  0.142779    0.253684  0.250495  \n",
       "mnth         0.135386  0.068457    0.122273  0.120638  \n",
       "hr           0.137252  0.301202    0.374141  0.394071  \n",
       "holiday      0.003988  0.031564    0.047345  0.030927  \n",
       "weekday      0.011502  0.032721    0.021578  0.026900  \n",
       "workingday   0.011830  0.300942    0.134326  0.030284  \n",
       "weathersit   0.026226  0.152628    0.120966  0.142426  \n",
       "temp         0.023125  0.459616    0.335361  0.404772  \n",
       "atemp        0.062336  0.454080    0.332559  0.400929  \n",
       "hum          0.290105  0.347028    0.273933  0.322911  \n",
       "windspeed    1.000000  0.090287    0.082321  0.093234  \n",
       "casual       0.090287  1.000000    0.506618  0.694564  \n",
       "registered   0.082321  0.506618    1.000000  0.972151  \n",
       "cnt          0.093234  0.694564    0.972151  1.000000  "
      ]
     },
     "execution_count": 31,
     "metadata": {},
     "output_type": "execute_result"
    }
   ],
   "source": [
    "data.corr().abs()"
   ]
  },
  {
   "cell_type": "code",
   "execution_count": 48,
   "metadata": {
    "collapsed": false
   },
   "outputs": [
    {
     "name": "stdout",
     "output_type": "stream",
     "text": [
      "0    0\n",
      "1    4\n",
      "2    4\n",
      "3    4\n",
      "4    4\n",
      "5    4\n",
      "6    1\n",
      "7    1\n",
      "8    1\n",
      "9    1\n",
      "Name: time_label, dtype: int64\n"
     ]
    }
   ],
   "source": [
    "def assign_label(row):\n",
    "    if 6 <= row <= 12:\n",
    "        return 1\n",
    "    elif 12 < row <= 18:\n",
    "        return 2\n",
    "    elif 18 < row <= 24:\n",
    "        return 3\n",
    "    elif 0 < row <= 6:\n",
    "        return 4\n",
    "\n",
    "data['time_label'] = data[\"hr\"].apply(assign_label)\n",
    "print(data['time_label'].head(10))"
   ]
  },
  {
   "cell_type": "code",
   "execution_count": 49,
   "metadata": {
    "collapsed": false
   },
   "outputs": [
    {
     "name": "stdout",
     "output_type": "stream",
     "text": [
      "0    16\n",
      "1    40\n",
      "2    32\n",
      "3    13\n",
      "4     1\n",
      "5     1\n",
      "6     2\n",
      "7     3\n",
      "8     8\n",
      "9    14\n",
      "Name: cnt, dtype: int64\n"
     ]
    },
    {
     "data": {
      "text/plain": [
       "869"
      ]
     },
     "execution_count": 49,
     "metadata": {},
     "output_type": "execute_result"
    }
   ],
   "source": [
    "print(data['cnt'].head(10))\n",
    "len(data['cnt'].value_counts())"
   ]
  },
  {
   "cell_type": "markdown",
   "metadata": {
    "collapsed": true
   },
   "source": [
    "For regression problems in Random Forest roc_auc_score is the best metric to pick up.  \n",
    "  \n",
    "As for validation, I'd choose KFold cross-validation, for me it's the best validation for now,   \n",
    "plus we have a lot of unique data in data['cnt'].  \n",
    "  \n",
    "Split dataset into 5-10 folds would be a good approach to lower error."
   ]
  },
  {
   "cell_type": "code",
   "execution_count": 34,
   "metadata": {
    "collapsed": false
   },
   "outputs": [
    {
     "data": {
      "text/html": [
       "<div>\n",
       "<style scoped>\n",
       "    .dataframe tbody tr th:only-of-type {\n",
       "        vertical-align: middle;\n",
       "    }\n",
       "\n",
       "    .dataframe tbody tr th {\n",
       "        vertical-align: top;\n",
       "    }\n",
       "\n",
       "    .dataframe thead th {\n",
       "        text-align: right;\n",
       "    }\n",
       "</style>\n",
       "<table border=\"1\" class=\"dataframe\">\n",
       "  <thead>\n",
       "    <tr style=\"text-align: right;\">\n",
       "      <th></th>\n",
       "      <th>instant</th>\n",
       "      <th>dteday</th>\n",
       "      <th>season</th>\n",
       "      <th>yr</th>\n",
       "      <th>mnth</th>\n",
       "      <th>hr</th>\n",
       "      <th>holiday</th>\n",
       "      <th>weekday</th>\n",
       "      <th>workingday</th>\n",
       "      <th>weathersit</th>\n",
       "      <th>temp</th>\n",
       "      <th>atemp</th>\n",
       "      <th>hum</th>\n",
       "      <th>windspeed</th>\n",
       "      <th>casual</th>\n",
       "      <th>registered</th>\n",
       "      <th>cnt</th>\n",
       "      <th>time_label</th>\n",
       "    </tr>\n",
       "  </thead>\n",
       "  <tbody>\n",
       "    <tr>\n",
       "      <th>0</th>\n",
       "      <td>1</td>\n",
       "      <td>2011-01-01</td>\n",
       "      <td>1</td>\n",
       "      <td>0</td>\n",
       "      <td>1</td>\n",
       "      <td>0</td>\n",
       "      <td>0</td>\n",
       "      <td>6</td>\n",
       "      <td>0</td>\n",
       "      <td>1</td>\n",
       "      <td>0.24</td>\n",
       "      <td>0.2879</td>\n",
       "      <td>0.81</td>\n",
       "      <td>0.0000</td>\n",
       "      <td>3</td>\n",
       "      <td>13</td>\n",
       "      <td>16</td>\n",
       "      <td>0</td>\n",
       "    </tr>\n",
       "    <tr>\n",
       "      <th>14</th>\n",
       "      <td>15</td>\n",
       "      <td>2011-01-01</td>\n",
       "      <td>1</td>\n",
       "      <td>0</td>\n",
       "      <td>1</td>\n",
       "      <td>14</td>\n",
       "      <td>0</td>\n",
       "      <td>6</td>\n",
       "      <td>0</td>\n",
       "      <td>2</td>\n",
       "      <td>0.46</td>\n",
       "      <td>0.4545</td>\n",
       "      <td>0.72</td>\n",
       "      <td>0.2836</td>\n",
       "      <td>35</td>\n",
       "      <td>71</td>\n",
       "      <td>106</td>\n",
       "      <td>2</td>\n",
       "    </tr>\n",
       "    <tr>\n",
       "      <th>15</th>\n",
       "      <td>16</td>\n",
       "      <td>2011-01-01</td>\n",
       "      <td>1</td>\n",
       "      <td>0</td>\n",
       "      <td>1</td>\n",
       "      <td>15</td>\n",
       "      <td>0</td>\n",
       "      <td>6</td>\n",
       "      <td>0</td>\n",
       "      <td>2</td>\n",
       "      <td>0.44</td>\n",
       "      <td>0.4394</td>\n",
       "      <td>0.77</td>\n",
       "      <td>0.2985</td>\n",
       "      <td>40</td>\n",
       "      <td>70</td>\n",
       "      <td>110</td>\n",
       "      <td>2</td>\n",
       "    </tr>\n",
       "    <tr>\n",
       "      <th>18</th>\n",
       "      <td>19</td>\n",
       "      <td>2011-01-01</td>\n",
       "      <td>1</td>\n",
       "      <td>0</td>\n",
       "      <td>1</td>\n",
       "      <td>18</td>\n",
       "      <td>0</td>\n",
       "      <td>6</td>\n",
       "      <td>0</td>\n",
       "      <td>3</td>\n",
       "      <td>0.42</td>\n",
       "      <td>0.4242</td>\n",
       "      <td>0.88</td>\n",
       "      <td>0.2537</td>\n",
       "      <td>9</td>\n",
       "      <td>26</td>\n",
       "      <td>35</td>\n",
       "      <td>2</td>\n",
       "    </tr>\n",
       "    <tr>\n",
       "      <th>20</th>\n",
       "      <td>21</td>\n",
       "      <td>2011-01-01</td>\n",
       "      <td>1</td>\n",
       "      <td>0</td>\n",
       "      <td>1</td>\n",
       "      <td>20</td>\n",
       "      <td>0</td>\n",
       "      <td>6</td>\n",
       "      <td>0</td>\n",
       "      <td>2</td>\n",
       "      <td>0.40</td>\n",
       "      <td>0.4091</td>\n",
       "      <td>0.87</td>\n",
       "      <td>0.2537</td>\n",
       "      <td>11</td>\n",
       "      <td>25</td>\n",
       "      <td>36</td>\n",
       "      <td>3</td>\n",
       "    </tr>\n",
       "  </tbody>\n",
       "</table>\n",
       "</div>"
      ],
      "text/plain": [
       "    instant      dteday  season  yr  mnth  hr  holiday  weekday  workingday  \\\n",
       "0         1  2011-01-01       1   0     1   0        0        6           0   \n",
       "14       15  2011-01-01       1   0     1  14        0        6           0   \n",
       "15       16  2011-01-01       1   0     1  15        0        6           0   \n",
       "18       19  2011-01-01       1   0     1  18        0        6           0   \n",
       "20       21  2011-01-01       1   0     1  20        0        6           0   \n",
       "\n",
       "    weathersit  temp   atemp   hum  windspeed  casual  registered  cnt  \\\n",
       "0            1  0.24  0.2879  0.81     0.0000       3          13   16   \n",
       "14           2  0.46  0.4545  0.72     0.2836      35          71  106   \n",
       "15           2  0.44  0.4394  0.77     0.2985      40          70  110   \n",
       "18           3  0.42  0.4242  0.88     0.2537       9          26   35   \n",
       "20           2  0.40  0.4091  0.87     0.2537      11          25   36   \n",
       "\n",
       "    time_label  \n",
       "0            0  \n",
       "14           2  \n",
       "15           2  \n",
       "18           2  \n",
       "20           3  "
      ]
     },
     "execution_count": 34,
     "metadata": {},
     "output_type": "execute_result"
    }
   ],
   "source": [
    "train_len = int((data.shape[0]/100) * 80)\n",
    "train = data.sample(n=train_len,random_state=1)\n",
    "test = data[~data.index.isin(train.index)]\n",
    "test.head()"
   ]
  },
  {
   "cell_type": "code",
   "execution_count": 35,
   "metadata": {
    "collapsed": false
   },
   "outputs": [
    {
     "name": "stdout",
     "output_type": "stream",
     "text": [
      "[114.67391006 150.76795184 144.8398762  ...  61.57200574  73.46741581\n",
      " 108.70657564]\n",
      "162.1057675191572\n"
     ]
    }
   ],
   "source": [
    "features = ['holiday', 'weathersit', 'atemp', 'season']\n",
    "target = 'cnt'\n",
    "\n",
    "model = LinearRegression()\n",
    "model.fit(train[features], train[target])\n",
    "predictions = model.predict(test[features])\n",
    "rmse = np.sqrt(mean_squared_error(predictions,test[target]))\n",
    "\n",
    "print(predictions)\n",
    "print(rmse)"
   ]
  },
  {
   "cell_type": "code",
   "execution_count": 36,
   "metadata": {
    "collapsed": false
   },
   "outputs": [
    {
     "name": "stdout",
     "output_type": "stream",
     "text": [
      "[-14.40475386 176.4113686  181.33519088 ...  53.18369908 108.77108351\n",
      " 186.22902935]\n",
      "148.91283366752353\n"
     ]
    }
   ],
   "source": [
    "features = ['holiday', 'weathersit', 'atemp', 'season', 'temp', 'windspeed', 'mnth', 'hr']\n",
    "target = 'cnt'\n",
    "\n",
    "model = LinearRegression()\n",
    "model.fit(train[features], train[target])\n",
    "predictions = model.predict(test[features])\n",
    "rmse = np.sqrt(mean_squared_error(predictions,test[target]))\n",
    "\n",
    "print(predictions)\n",
    "print(rmse)"
   ]
  },
  {
   "cell_type": "markdown",
   "metadata": {},
   "source": [
    "As we can see first model lack of wind, month, hour data. This is actual crutial for bicycle traveling.   \n",
    "I'll go forward and run another test. Every time I'll popout last feature and see how rmse moves.   "
   ]
  },
  {
   "cell_type": "code",
   "execution_count": 37,
   "metadata": {
    "collapsed": false
   },
   "outputs": [
    {
     "name": "stdout",
     "output_type": "stream",
     "text": [
      "removed feature:  hr\n",
      "[ 65.9471996  161.99501916 158.31650737 ...  51.73997063  64.82958781\n",
      "  86.57055449]\n",
      "rmse:  161.0000014845404\n",
      " \n",
      "removed feature:  mnth\n",
      "[ 64.97278021 161.14434103 157.45781187 ...  56.62283635  69.7332882\n",
      "  91.50586032]\n",
      "rmse:  160.99188129535156\n",
      " \n",
      "removed feature:  windspeed\n",
      "[ 96.52991689 145.48818193 138.35853102 ...  60.70984118  74.96745283\n",
      " 104.17168396]\n",
      "rmse:  161.8758047150695\n",
      " \n",
      "removed feature:  temp\n",
      "[114.67391006 150.76795184 144.8398762  ...  61.57200574  73.46741581\n",
      " 108.70657564]\n",
      "rmse:  162.1057675191572\n",
      " \n",
      "removed feature:  season\n",
      "[125.34186216 165.08587915 158.85331353 ...  71.30846791  83.81487442\n",
      " 119.06802127]\n",
      "rmse:  162.34942876048686\n",
      " \n"
     ]
    }
   ],
   "source": [
    "\n",
    "features = ['holiday', 'weathersit', 'atemp', 'season', 'temp', 'windspeed', 'mnth', 'hr']\n",
    "target = 'cnt'\n",
    "\n",
    "prediction_list = list()\n",
    "rmse_list = list()\n",
    "popped_out = list()\n",
    "\n",
    "for _ in range(5):\n",
    "    popped_out.append(features.pop())\n",
    "    model = LinearRegression()\n",
